-0,774
-0,030
0,979
-0,839
-0,308
0,057
-3,080
-0,052
-0,041
-0,086
-0,471
0,714
0,450
-1,572
0,748
0,130
0,043
0,539
-0,209
0,119
1,235
1,220
-0,248
0,112
-0,647
-1,019
0,090
0,075
-0,754
0,916
-0,586
-0,344
-0,168
-0,623
0,185
-0,614
-0,699
0,422
0,458
0,133
-0,628
-0,146
-0,779
-0,309
0,230
0,179
-0,998
-0,793
-0,356
-0,106
-0,756
-0,584
-0,812
-0,885
-0,140
-0,896
-0,079
-1,219
-0,411
0,156
0,485
-0,856
-0,977
-0,098
-0,187
0,917
-2,922
-0,103
-0,118
-0,174
2,116
-0,341
-1,311
1,053
-0,599
0,170
0,146
0,661
-0,649
-0,718
-0,309
-0,262
0,510
0,356
-0,368
-0,655
-0,425
-1,202
0,671
-1,356
-0,531
-1,133
-0,551
-0,876
-0,251
-1,173
0,070
0,450
0,389
-0,475
-0,336
-0,803
-0,409
-0,711
-0,275
-0,631
-0,924
-0,832
-0,682
-0,635
0,110
-0,812
-0,984
-0,891
-0,524
-0,638
-0,208
-0,888
-1,296
0,025
-0,128
0,300
-0,578
-0,867
-0,829
-0,665
0,864
-0,947
-0,700
-0,391
-0,111
-0,293
-1,217
-0,842
-0,971
-0,209
-0,279
-0,382
-0,967
-0,989
-0,257
-0,337
-0,433
-0,038
0,225
-0,412
-0,258
-0,679
0,176
-0,798
-0,074
-0,975
0,780
0,488
-0,576
-0,472
1,007
-0,295
-0,090
-0,433
-0,160
-0,810
-0,794
-0,245
-0,111
-1,190
1,225
-1,171
-0,690
-0,033
-0,187
0,235
-0,814
0,022
-0,335
-0,543
-0,869
-0,786
-0,070
-0,230
-0,196
-0,209
-0,469
-0,109
-0,217
0,218
0,112
-0,692
-1,209
0,396
-0,646
-0,445
-0,948
-0,008
-0,067
-0,924
-0,355
-0,550
0,074
-1,297
-0,537
-0,770
-0,811
0,226
-0,036
-0,152
0,284
-1,033
-0,293
-0,684
-0,954
-0,294
-1,190
0,141
0,554
0,098
0,065
-1,204
-0,310
-1,106
-0,629
0,022
-0,839
-1,072
-0,884
-0,649
-0,083
-0,171
0,345
-0,631
-0,861
-1,146
-0,253
0,210
-0,389
-0,451
-0,983
0,021
-0,510
-0,367
0,083
0,350
-1,237
-0,715
0,005
-0,877
-0,673
-0,799
-1,133
-0,306
-0,472
-1,182
1,580
0,950
-0,687
-0,899
-1,088
-1,169
-0,881
-0,521
-0,874
-0,788
-0,364
-1,283
-0,425
1,568
-0,274
2,367
-0,563
-1,091
